1.000000000000000000e+00 1.441964285714285587e+00 1.883928571428571175e+00 2.325892857142856762e+00 2.767857142857142350e+00 3.209821428571427937e+00 3.651785714285713524e+00 4.093749999999999112e+00 4.535714285714284699e+00 4.977678571428570287e+00 5.419642857142855874e+00 5.861607142857141461e+00 6.303571428571427049e+00 6.745535714285712636e+00 7.187499999999998224e+00
7.629464285714283811e+00 8.071428571428569398e+00 8.513392857142855874e+00 8.955357142857142350e+00 9.397321428571428825e+00 9.839285714285715301e+00 1.028125000000000178e+01 1.072321428571428825e+01 1.116517857142857473e+01 1.160714285714286120e+01 1.204910714285714768e+01 1.249107142857143415e+01 1.293303571428572063e+01 1.337500000000000711e+01 1.381696428571429358e+01
1.425892857142858006e+01 1.470089285714286653e+01 1.514285714285715301e+01 1.558482142857143948e+01 1.602678571428572596e+01 1.646875000000001066e+01 1.691071428571429536e+01 1.735267857142858006e+01 1.779464285714286476e+01 1.823660714285714946e+01 1.867857142857143415e+01 1.912053571428571885e+01 1.956250000000000355e+01 2.000446428571428825e+01 2.044642857142857295e+01
2.088839285714285765e+01 2.133035714285714235e+01 2.177232142857142705e+01 2.221428571428571175e+01 2.265624999999999645e+01 2.309821428571428115e+01 2.354017857142856585e+01 2.398214285714285054e+01 2.442410714285713524e+01 2.486607142857141994e+01 2.530803571428570464e+01 2.574999999999998934e+01 2.619196428571427404e+01 2.663392857142855874e+01 2.707589285714284344e+01
2.751785714285712814e+01 2.795982142857141284e+01 2.840178571428569754e+01 2.884374999999998224e+01 2.928571428571426694e+01 2.972767857142855163e+01 3.016964285714283633e+01 3.061160714285712103e+01 3.105357142857140573e+01 3.149553571428569043e+01 3.193749999999997513e+01 3.237946428571426338e+01 3.282142857142854808e+01 3.326339285714283278e+01 3.370535714285711748e+01
3.414732142857140218e+01 3.458928571428568688e+01 3.503124999999997158e+01 3.547321428571425628e+01 3.591517857142854098e+01 3.635714285714282568e+01 3.679910714285711038e+01 3.724107142857139507e+01 3.768303571428567977e+01 3.812499999999996447e+01 3.856696428571424917e+01 3.900892857142853387e+01 3.945089285714281857e+01 3.989285714285710327e+01 4.033482142857138797e+01
4.077678571428567267e+01 4.121874999999995737e+01 4.166071428571424207e+01 4.210267857142852677e+01 4.254464285714281147e+01 4.298660714285709616e+01 4.342857142857138086e+01 4.387053571428566556e+01 4.431249999999995026e+01 4.475446428571423496e+01 4.519642857142851966e+01 4.563839285714280436e+01 4.608035714285708906e+01 4.652232142857137376e+01 4.696428571428565846e+01
4.740624999999994316e+01 4.784821428571422786e+01 4.829017857142851256e+01 4.873214285714279725e+01 4.917410714285708195e+01 4.961607142857136665e+01 5.005803571428565135e+01 5.049999999999993605e+01 5.094196428571422075e+01 5.138392857142850545e+01 5.182589285714279015e+01 5.226785714285707485e+01 5.270982142857135955e+01 5.315178571428564425e+01 5.359374999999992895e+01
5.403571428571421364e+01 5.447767857142849834e+01 5.491964285714278304e+01 5.536160714285706774e+01 5.580357142857135244e+01 5.624553571428563714e+01 5.668749999999992184e+01 5.712946428571420654e+01 5.757142857142849124e+01 5.801339285714277594e+01 5.845535714285706064e+01 5.889732142857134534e+01 5.933928571428563004e+01 5.978124999999991473e+01 6.022321428571419943e+01
6.066517857142848413e+01 6.110714285714276883e+01 6.154910714285705353e+01 6.199107142857133823e+01 6.243303571428562293e+01 6.287499999999990763e+01 6.331696428571419233e+01 6.375892857142847703e+01 6.420089285714276173e+01 6.464285714285705353e+01 6.508482142857134534e+01 6.552678571428563714e+01 6.596874999999992895e+01 6.641071428571422075e+01 6.685267857142851256e+01
6.729464285714280436e+01 6.773660714285709616e+01 6.817857142857138797e+01 6.862053571428567977e+01 6.906249999999997158e+01 6.950446428571426338e+01 6.994642857142855519e+01 7.038839285714284699e+01 7.083035714285713880e+01 7.127232142857143060e+01 7.171428571428572241e+01 7.215625000000001421e+01 7.259821428571430602e+01 7.304017857142859782e+01 7.348214285714288962e+01
7.392410714285718143e+01 7.436607142857147323e+01 7.480803571428576504e+01 7.525000000000005684e+01 7.569196428571434865e+01 7.613392857142864045e+01 7.657589285714293226e+01 7.701785714285722406e+01 7.745982142857151587e+01 7.790178571428580767e+01 7.834375000000009948e+01 7.878571428571439128e+01 7.922767857142868309e+01 7.966964285714297489e+01 8.011160714285726669e+01
8.055357142857155850e+01 8.099553571428585030e+01 8.143750000000014211e+01 8.187946428571443391e+01 8.232142857142872572e+01 8.276339285714301752e+01 8.320535714285730933e+01 8.364732142857160113e+01 8.408928571428589294e+01 8.453125000000018474e+01 8.497321428571447655e+01 8.541517857142876835e+01 8.585714285714306016e+01 8.629910714285735196e+01 8.674107142857164376e+01
8.718303571428593557e+01 8.762500000000022737e+01 8.806696428571451918e+01 8.850892857142881098e+01 8.895089285714310279e+01 8.939285714285739459e+01 8.983482142857168640e+01 9.027678571428597820e+01 9.071875000000027001e+01 9.116071428571456181e+01 9.160267857142885362e+01 9.204464285714314542e+01 9.248660714285743722e+01 9.292857142857172903e+01 9.337053571428602083e+01
9.381250000000031264e+01 9.425446428571460444e+01 9.469642857142889625e+01 9.513839285714318805e+01 9.558035714285747986e+01 9.602232142857177166e+01 9.646428571428606347e+01 9.690625000000035527e+01 9.734821428571464708e+01 9.779017857142893888e+01 9.823214285714323069e+01 9.867410714285752249e+01 9.911607142857181429e+01 9.955803571428610610e+01 1.000000000000003979e+02
